84782714824
84786947913
84765935644
84763932185
84586116858
84788662384
84877982538
84564909926
84793506358
84921337753
84921318455
84792800390
84564972060
84565754954
84877987014
84785081063
84384158865
84794806509
84568522548
84877986656
84877988646
84877976170
84877976596
84877976215
84877977875
84877977905
84562363693
84877988110
84582143086
84582132786
84927565728
84703721096
84708533160
84768137043
84335353431
84389442064
84335434293
84877352127
84528284719
84565110106
84867091776
84373136465
84908472557
84933570998
84937216114
84933102494
84933206828
84777547088
84879959089
84937318707
84368185413
84358122063
84877110923
84332879724
84364438331
84368332489
84378197856
84392565211
84385247562
84365310863
84358992227
84985459307
84968027142
84798748150
84334249689
84793784198
84784023103
84936411425
84877984742
84877977294
84877982735
84353914762
84353238690
84876546560
84876546722
84877359932
84782795832
84705469658
84705230147
84799063909
84876546884
84778504978
84705219004
84876546651
84777462385
84788502384
84584560663
84564515951
84564376102
84528788466
84797032198
84568126670
84784576514
84876546735
84563104068
84826359793
84876545935
84876546872
84568125574
84564731365
84564719235
84565370627
84879082983
84564667751
84566876474
84582161486
84562728279
84563447479
84568830868