84325413818
84336186784
84338112651
84344693324
84345079275
84349779504
84349848584
84354815348
84355664157
84355821520
84356019880
84362468481
84372959117
84374378542
84376581800
84392712867
84395639954
84528938128
84528938352
84528938906
84528942669
84528942695
84562469334
84563607255
84569076994
84569117874
84583904492
84704054932
84775036294
84775956265
84775965749
84777356194
84777358055
84777358067
84777358137
84819607236
84859149784
84865880702
84921718142
84925579383
84925589554
84926304829
84927075607
84927087576
84927088992
84927089378
84933538762
84344675611
84528960788
84584889690
84921051007
84849054983
84777017661
84589016135
84918956425
84837367808
84849880556
84926077689
84843271048
84337531478
84363923140
84918605601
84948709554
84584714730
84943482473
84563685516
84944529784
84946451406
84946939643
84948247957
84941967626
84926815733
84584713247
84931277836
84584713447
84584694303
84925230685
84849789081
84838301780
84793002670
84775049682
84773795823
84768077146
84765660521
84708658351
84703317387
84703177527
84584874259
84584873957
84584713195
84584713040
84569840086
84357248734
84793079257
84793079257
84565420885
84584890093
84584889657
84584874486
84584873704
84584890402
84584890307
84926102909
84584713217
84584889642